0.000000000000000000e+00 3.000000000000000000e+00
2.000000000000000111e-01 2.000399999999999956e+00
4.000000000000000222e-01 1.001600000000000046e+00
6.000000000000000888e-01 3.599999999999603517e-03
8.000000000000000444e-01 -9.935999999999998167e-01
1.000000000000000000e+00 -1.990000000000000213e+00
1.200000000000000178e+00 -2.985600000000000698e+00
1.400000000000000133e+00 -3.980400000000001270e+00
1.600000000000000089e+00 -4.974400000000000155e+00
1.800000000000000044e+00 -5.967599999999999127e+00
2.000000000000000000e+00 -6.960000000000000853e+00
2.200000000000000178e+00 -7.951599999999999113e+00
2.400000000000000355e+00 -8.942400000000001015e+00
2.600000000000000089e+00 -9.932399999999999451e+00
2.800000000000000266e+00 -1.092160000000000153e+01
3.000000000000000000e+00 -1.191000000000000014e+01
3.200000000000000178e+00 -1.289760000000000062e+01
3.400000000000000355e+00 -1.388439999999999941e+01
3.600000000000000089e+00 -1.487040000000000006e+01
3.800000000000000266e+00 -1.585559999999999903e+01
4.000000000000000000e+00 -1.683999999999999986e+01
4.200000000000000178e+00 -1.782359999999999900e+01
4.400000000000000355e+00 -1.880640000000000001e+01
4.600000000000000533e+00 -1.978840000000000288e+01
4.800000000000000711e+00 -2.076960000000000406e+01
5.000000000000000000e+00 -2.175000000000000000e+01
5.200000000000000178e+00 -2.272960000000000136e+01
5.400000000000000355e+00 -2.370840000000000103e+01
5.600000000000000533e+00 -2.468640000000000256e+01
5.800000000000000711e+00 -2.566360000000000241e+01
6.000000000000000000e+00 -2.664000000000000057e+01
6.200000000000000178e+00 -2.761560000000000059e+01
6.400000000000000355e+00 -2.859039999999999893e+01
6.600000000000000533e+00 -2.956439999999999912e+01
6.800000000000000711e+00 -3.053759999999999764e+01
7.000000000000000000e+00 -3.150999999999999801e+01
7.200000000000000178e+00 -3.248160000000000025e+01
7.400000000000000355e+00 -3.345239999999999725e+01
7.600000000000000533e+00 -3.442240000000000322e+01
7.800000000000000711e+00 -3.539159999999999684e+01
8.000000000000000000e+00 -3.635999999999999943e+01
8.200000000000001066e+00 -3.732760000000000389e+01
8.400000000000000355e+00 -3.829440000000000310e+01
8.599999999999999645e+00 -3.926039999999999708e+01
8.800000000000000711e+00 -4.022560000000000002e+01
9.000000000000000000e+00 -4.118999999999999773e+01
9.200000000000001066e+00 -4.215360000000000440e+01
9.400000000000000355e+00 -4.311639999999999873e+01
9.600000000000001421e+00 -4.407840000000000913e+01
9.800000000000000711e+00 -4.503960000000000008e+01
1.000000000000000000e+01 -4.600000000000000000e+01
1.020000000000000107e+01 -4.695960000000000889e+01
1.040000000000000036e+01 -4.791839999999999833e+01
1.060000000000000142e+01 -4.887640000000000384e+01
1.080000000000000071e+01 -4.983359999999999701e+01
1.100000000000000000e+01 -5.078999999999999915e+01
1.120000000000000107e+01 -5.174560000000001025e+01
1.140000000000000036e+01 -5.270040000000000191e+01
1.160000000000000142e+01 -5.365440000000000964e+01
1.180000000000000071e+01 -5.460759999999999792e+01
1.200000000000000000e+01 -5.556000000000000227e+01
1.220000000000000107e+01 -5.651160000000000849e+01
1.240000000000000036e+01 -5.746240000000000236e+01
1.260000000000000142e+01 -5.841240000000000521e+01
1.280000000000000071e+01 -5.936159999999999570e+01
1.300000000000000000e+01 -6.031000000000000227e+01
1.320000000000000107e+01 -6.125759999999999650e+01
1.340000000000000036e+01 -6.220439999999999259e+01
1.360000000000000142e+01 -6.315040000000000475e+01
1.380000000000000071e+01 -6.409560000000000457e+01
1.400000000000000000e+01 -6.504000000000000625e+01
1.420000000000000107e+01 -6.598359999999999559e+01
1.440000000000000036e+01 -6.692640000000000100e+01
1.460000000000000142e+01 -6.786839999999999407e+01
1.480000000000000071e+01 -6.880960000000000321e+01
1.500000000000000000e+01 -6.975000000000000000e+01
1.520000000000000107e+01 -7.068959999999999866e+01
1.540000000000000036e+01 -7.162839999999999918e+01
1.560000000000000142e+01 -7.256640000000000157e+01
1.580000000000000071e+01 -7.350360000000000582e+01
1.600000000000000000e+01 -7.443999999999999773e+01
1.619999999999999929e+01 -7.537560000000000571e+01
1.640000000000000213e+01 -7.631040000000001555e+01
1.660000000000000142e+01 -7.724439999999999884e+01
1.680000000000000071e+01 -7.817759999999999820e+01
1.700000000000000000e+01 -7.910999999999999943e+01
1.719999999999999929e+01 -8.004160000000000252e+01
1.740000000000000213e+01 -8.097240000000000748e+01
1.760000000000000142e+01 -8.190240000000000009e+01
1.780000000000000071e+01 -8.283159999999999457e+01
1.800000000000000000e+01 -8.376000000000000512e+01
1.819999999999999929e+01 -8.468760000000000332e+01
1.840000000000000213e+01 -8.561440000000001760e+01
1.860000000000000142e+01 -8.654040000000000532e+01
1.880000000000000071e+01 -8.746559999999999491e+01
1.900000000000000000e+01 -8.839000000000000057e+01
1.920000000000000284e+01 -8.931360000000000809e+01
1.940000000000000213e+01 -9.023640000000001749e+01
1.960000000000000142e+01 -9.115840000000000032e+01
1.980000000000000071e+01 -9.207959999999999923e+01
2.000000000000000000e+01 -9.300000000000000000e+01
2.020000000000000284e+01 -9.391960000000001685e+01
2.040000000000000213e+01 -9.483840000000000714e+01
2.060000000000000142e+01 -9.575639999999999930e+01
2.080000000000000071e+01 -9.667359999999999332e+01
2.100000000000000000e+01 -9.759000000000000341e+01
2.120000000000000284e+01 -9.850560000000001537e+01
2.140000000000000213e+01 -9.942040000000001498e+01
2.160000000000000142e+01 -1.003344000000000023e+02
2.180000000000000071e+01 -1.012476000000000056e+02
2.200000000000000000e+01 -1.021599999999999966e+02
2.220000000000000284e+01 -1.030716000000000179e+02
2.240000000000000213e+01 -1.039824000000000126e+02
2.260000000000000142e+01 -1.048923999999999950e+02
2.280000000000000071e+01 -1.058015999999999934e+02
2.300000000000000000e+01 -1.067099999999999937e+02
2.320000000000000284e+01 -1.076176000000000101e+02
2.340000000000000213e+01 -1.085244000000000142e+02
2.360000000000000142e+01 -1.094303999999999917e+02
2.380000000000000071e+01 -1.103355999999999995e+02
2.400000000000000000e+01 -1.112399999999999949e+02
2.420000000000000284e+01 -1.121436000000000064e+02
2.440000000000000213e+01 -1.130464000000000055e+02
2.460000000000000142e+01 -1.139483999999999924e+02
2.480000000000000071e+01 -1.148495999999999952e+02
2.500000000000000000e+01 -1.157500000000000000e+02
2.520000000000000284e+01 -1.166496000000000066e+02
2.540000000000000213e+01 -1.175484000000000151e+02
2.560000000000000142e+01 -1.184463999999999970e+02
2.580000000000000071e+01 -1.193435999999999950e+02
2.600000000000000000e+01 -1.202399999999999949e+02
2.620000000000000284e+01 -1.211355999999999966e+02
2.640000000000000213e+01 -1.220304000000000002e+02
2.660000000000000142e+01 -1.229244000000000057e+02
2.680000000000000071e+01 -1.238175999999999988e+02
2.700000000000000000e+01 -1.247099999999999937e+02
2.720000000000000284e+01 -1.256015999999999906e+02
2.740000000000000213e+01 -1.264924000000000035e+02
2.760000000000000142e+01 -1.273823999999999899e+02
2.780000000000000071e+01 -1.282716000000000065e+02
2.800000000000000000e+01 -1.291599999999999966e+02
2.820000000000000284e+01 -1.300475999999999885e+02
2.840000000000000213e+01 -1.309344000000000108e+02
2.860000000000000142e+01 -1.318204000000000065e+02
2.880000000000000071e+01 -1.327056000000000040e+02
2.900000000000000000e+01 -1.335900000000000034e+02
2.920000000000000284e+01 -1.344736000000000047e+02
2.940000000000000213e+01 -1.353564000000000078e+02
2.960000000000000142e+01 -1.362383999999999844e+02
2.980000000000000071e+01 -1.371195999999999913e+02
3.000000000000000000e+01 -1.380000000000000000e+02
3.020000000000000284e+01 -1.388795999999999822e+02
3.040000000000000213e+01 -1.397583999999999946e+02
3.060000000000000142e+01 -1.406364000000000090e+02
3.080000000000000071e+01 -1.415135999999999967e+02
3.100000000000000000e+01 -1.423899999999999864e+02
3.120000000000000284e+01 -1.432656000000000063e+02
3.140000000000000213e+01 -1.441403999999999996e+02
3.160000000000000142e+01 -1.450143999999999949e+02
3.180000000000000071e+01 -1.458875999999999920e+02
3.200000000000000000e+01 -1.467599999999999909e+02
3.220000000000000284e+01 -1.476315999999999917e+02
3.239999999999999858e+01 -1.485023999999999944e+02
3.260000000000000142e+01 -1.493723999999999990e+02
3.280000000000000426e+01 -1.502416000000000338e+02
3.300000000000000000e+01 -1.511099999999999852e+02
3.320000000000000284e+01 -1.519775999999999954e+02
3.339999999999999858e+01 -1.528444000000000074e+02
3.360000000000000142e+01 -1.537103999999999928e+02
3.380000000000000426e+01 -1.545756000000000085e+02
3.400000000000000000e+01 -1.554399999999999977e+02
3.420000000000000284e+01 -1.563035999999999888e+02
3.439999999999999858e+01 -1.571664000000000101e+02
3.460000000000000142e+01 -1.580284000000000049e+02
3.480000000000000426e+01 -1.588896000000000299e+02
3.500000000000000000e+01 -1.597500000000000000e+02
3.520000000000000284e+01 -1.606096000000000004e+02
3.539999999999999858e+01 -1.614684000000000026e+02
3.560000000000000142e+01 -1.623264000000000067e+02
3.580000000000000426e+01 -1.631836000000000126e+02
3.600000000000000000e+01 -1.640399999999999920e+02
3.620000000000000284e+01 -1.648956000000000017e+02
3.639999999999999858e+01 -1.657504000000000133e+02
3.660000000000000142e+01 -1.666043999999999983e+02
3.680000000000000426e+01 -1.674576000000000136e+02
3.700000000000000000e+01 -1.683100000000000023e+02
3.720000000000000284e+01 -1.691615999999999929e+02
3.739999999999999858e+01 -1.700123999999999853e+02
3.760000000000000142e+01 -1.708624000000000080e+02
3.780000000000000426e+01 -1.717116000000000327e+02
3.800000000000000000e+01 -1.725600000000000023e+02
3.820000000000000284e+01 -1.734076000000000022e+02
3.840000000000000568e+01 -1.742544000000000324e+02
3.860000000000000142e+01 -1.751004000000000076e+02
3.880000000000000426e+01 -1.759456000000000131e+02
3.900000000000000000e+01 -1.767899999999999920e+02
3.920000000000000284e+01 -1.776336000000000013e+02
3.940000000000000568e+01 -1.784764000000000124e+02
3.960000000000000142e+01 -1.793183999999999969e+02
3.980000000000000426e+01 -1.801596000000000117e+02
4.000000000000000000e+01 -1.810000000000000000e+02
4.020000000000000284e+01 -1.818395999999999901e+02
4.040000000000000568e+01 -1.826784000000000106e+02
4.060000000000000142e+01 -1.835164000000000044e+02
4.080000000000000426e+01 -1.843536000000000286e+02
4.100000000000000000e+01 -1.851899999999999977e+02
4.120000000000000284e+01 -1.860255999999999972e+02
4.140000000000000568e+01 -1.868604000000000269e+02
4.160000000000000142e+01 -1.876944000000000017e+02
4.180000000000000426e+01 -1.885276000000000352e+02
4.200000000000000000e+01 -1.893600000000000136e+02
4.220000000000000284e+01 -1.901915999999999940e+02
4.240000000000000568e+01 -1.910224000000000046e+02
4.260000000000000142e+01 -1.918523999999999887e+02
4.280000000000000426e+01 -1.926816000000000315e+02
4.300000000000000000e+01 -1.935099999999999909e+02
4.320000000000000284e+01 -1.943376000000000090e+02
4.340000000000000568e+01 -1.951644000000000290e+02
4.360000000000000142e+01 -1.959903999999999940e+02
4.380000000000000426e+01 -1.968156000000000176e+02
4.400000000000000000e+01 -1.976399999999999864e+02
4.420000000000000284e+01 -1.984635999999999854e+02
4.440000000000000568e+01 -1.992864000000000146e+02
4.460000000000000142e+01 -2.001083999999999889e+02
4.480000000000000426e+01 -2.009296000000000220e+02
4.500000000000000000e+01 -2.017500000000000000e+02
4.520000000000000284e+01 -2.025695999999999799e+02
4.540000000000000568e+01 -2.033884000000000185e+02
4.560000000000000142e+01 -2.042064000000000021e+02
4.580000000000000426e+01 -2.050236000000000161e+02
4.600000000000000000e+01 -2.058400000000000034e+02
4.620000000000000284e+01 -2.066555999999999926e+02
4.640000000000000568e+01 -2.074704000000000121e+02
4.660000000000000142e+01 -2.082844000000000051e+02
4.680000000000000426e+01 -2.090976000000000283e+02
4.700000000000000000e+01 -2.099099999999999966e+02
4.720000000000000284e+01 -2.107215999999999951e+02
4.740000000000000568e+01 -2.115324000000000240e+02
4.760000000000000142e+01 -2.123423999999999978e+02
4.780000000000000426e+01 -2.131516000000000304e+02
4.800000000000000000e+01 -2.139599999999999795e+02
4.820000000000000284e+01 -2.147675999999999874e+02
4.840000000000000568e+01 -2.155744000000000256e+02
4.860000000000000142e+01 -2.163804000000000087e+02
4.880000000000000426e+01 -2.171856000000000222e+02
4.900000000000000000e+01 -2.179900000000000091e+02
4.920000000000000284e+01 -2.187935999999999979e+02
4.940000000000000568e+01 -2.195964000000000169e+02
4.960000000000000142e+01 -2.203983999999999810e+02
4.980000000000000426e+01 -2.211996000000000322e+02
5.000000000000000000e+01 -2.220000000000000000e+02
5.020000000000000284e+01 -2.227995999999999981e+02
5.040000000000000568e+01 -2.235984000000000265e+02
5.060000000000000142e+01 -2.243963999999999999e+02
5.080000000000000426e+01 -2.251936000000000035e+02
5.100000000000000000e+01 -2.259900000000000091e+02
5.120000000000000284e+01 -2.267855999999999881e+02
5.140000000000000568e+01 -2.275803999999999974e+02
5.160000000000000142e+01 -2.283744000000000085e+02
5.180000000000000426e+01 -2.291675999999999931e+02
5.200000000000000000e+01 -2.299600000000000080e+02
5.220000000000000284e+01 -2.307515999999999963e+02
5.240000000000000568e+01 -2.315423999999999864e+02
5.260000000000000142e+01 -2.323324000000000069e+02
5.280000000000000426e+01 -2.331216000000000008e+02
5.300000000000000000e+01 -2.339099999999999966e+02
5.320000000000000284e+01 -2.346975999999999942e+02
5.340000000000000568e+01 -2.354843999999999937e+02
5.360000000000000142e+01 -2.362703999999999951e+02
5.380000000000000426e+01 -2.370555999999999983e+02
5.400000000000000000e+01 -2.378400000000000034e+02
5.420000000000000284e+01 -2.386235999999999819e+02
5.440000000000000568e+01 -2.394063999999999908e+02
5.460000000000000142e+01 -2.401884000000000015e+02
5.480000000000000426e+01 -2.409695999999999856e+02
5.500000000000000000e+01 -2.417500000000000000e+02
5.520000000000000284e+01 -2.425295999999999879e+02
5.540000000000000568e+01 -2.433083999999999776e+02
5.560000000000000142e+01 -2.440863999999999976e+02
5.580000000000000426e+01 -2.448635999999999910e+02
5.600000000000000000e+01 -2.456399999999999864e+02
5.620000000000000284e+01 -2.464155999999999835e+02
5.640000000000000568e+01 -2.471903999999999826e+02
5.660000000000000142e+01 -2.479644000000000119e+02
5.680000000000000426e+01 -2.487375999999999863e+02
5.700000000000000000e+01 -2.495099999999999909e+02
5.720000000000000284e+01 -2.502815999999999974e+02
5.740000000000000568e+01 -2.510523999999999774e+02
5.760000000000000142e+01 -2.518223999999999876e+02
5.780000000000000426e+01 -2.525915999999999713e+02
5.800000000000000000e+01 -2.533600000000000136e+02
5.820000000000000284e+01 -2.541275999999999726e+02
5.840000000000000568e+01 -2.548944000000000187e+02
5.860000000000000142e+01 -2.556603999999999814e+02
5.880000000000000426e+01 -2.564255999999999744e+02
5.900000000000000000e+01 -2.571899999999999977e+02
5.920000000000000284e+01 -2.579535999999999945e+02
5.940000000000000568e+01 -2.587163999999999646e+02
5.960000000000000142e+01 -2.594783999999999651e+02
5.980000000000000426e+01 -2.602395999999999958e+02
6.000000000000000000e+01 -2.610000000000000000e+02
6.020000000000000284e+01 -2.617595999999999776e+02
6.040000000000000568e+01 -2.625183999999999855e+02
6.060000000000000142e+01 -2.632763999999999669e+02
6.080000000000000426e+01 -2.640335999999999785e+02
6.100000000000000000e+01 -2.647899999999999636e+02
6.120000000000000284e+01 -2.655455999999999790e+02
6.140000000000000568e+01 -2.663003999999999678e+02
6.160000000000000142e+01 -2.670543999999999869e+02
6.180000000000000426e+01 -2.678075999999999794e+02
6.200000000000000000e+01 -2.685600000000000023e+02
6.220000000000000284e+01 -2.693115999999999985e+02
6.240000000000000568e+01 -2.700623999999999683e+02
6.260000000000000142e+01 -2.708123999999999683e+02
6.280000000000000426e+01 -2.715615999999999985e+02
6.300000000000000000e+01 -2.723100000000000023e+02
6.320000000000000284e+01 -2.730575999999999794e+02
6.340000000000000568e+01 -2.738043999999999869e+02
6.360000000000000142e+01 -2.745503999999999678e+02
6.380000000000000426e+01 -2.752955999999999790e+02
6.400000000000000000e+01 -2.760399999999999636e+02
6.420000000000000284e+01 -2.767835999999999785e+02
6.440000000000000568e+01 -2.775263999999999669e+02
6.460000000000000853e+01 -2.782684000000000424e+02
6.479999999999999716e+01 -2.790095999999999776e+02
6.500000000000000000e+01 -2.797500000000000000e+02
6.520000000000000284e+01 -2.804895999999999958e+02
6.540000000000000568e+01 -2.812283999999999651e+02
6.560000000000000853e+01 -2.819664000000000215e+02
6.579999999999999716e+01 -2.827035999999999945e+02
6.600000000000000000e+01 -2.834399999999999977e+02
6.620000000000000284e+01 -2.841755999999999744e+02
6.640000000000000568e+01 -2.849103999999999814e+02
6.660000000000000853e+01 -2.856444000000000187e+02
6.679999999999999716e+01 -2.863776000000000295e+02
6.700000000000000000e+01 -2.871100000000000136e+02
6.720000000000000284e+01 -2.878415999999999713e+02
6.740000000000000568e+01 -2.885724000000000160e+02
6.760000000000000853e+01 -2.893024000000000342e+02
6.779999999999999716e+01 -2.900316000000000258e+02
6.800000000000000000e+01 -2.907599999999999909e+02
6.820000000000000284e+01 -2.914875999999999863e+02
6.840000000000000568e+01 -2.922144000000000119e+02
6.860000000000000853e+01 -2.929404000000000678e+02
6.879999999999999716e+01 -2.936655999999999835e+02
6.900000000000000000e+01 -2.943899999999999864e+02
6.920000000000000284e+01 -2.951136000000000195e+02
6.940000000000000568e+01 -2.958363999999999692e+02
6.960000000000000853e+01 -2.965584000000000628e+02
6.979999999999999716e+01 -2.972796000000000163e+02
7.000000000000000000e+01 -2.980000000000000000e+02
7.020000000000000284e+01 -2.987196000000000140e+02
7.040000000000000568e+01 -2.994384000000000015e+02
7.060000000000000853e+01 -3.001564000000000192e+02
7.079999999999999716e+01 -3.008736000000000104e+02
7.100000000000000000e+01 -3.015899999999999750e+02
7.120000000000000284e+01 -3.023055999999999699e+02
7.140000000000000568e+01 -3.030203999999999951e+02
7.160000000000000853e+01 -3.037344000000000506e+02
7.179999999999999716e+01 -3.044476000000000226e+02
7.200000000000000000e+01 -3.051599999999999682e+02
7.220000000000000284e+01 -3.058716000000000008e+02
7.240000000000000568e+01 -3.065824000000000069e+02
7.260000000000000853e+01 -3.072924000000000433e+02
7.279999999999999716e+01 -3.080015999999999963e+02
7.300000000000000000e+01 -3.087099999999999795e+02
7.320000000000000284e+01 -3.094175999999999931e+02
7.340000000000000568e+01 -3.101243999999999801e+02
7.360000000000000853e+01 -3.108304000000000542e+02
7.379999999999999716e+01 -3.115355999999999881e+02
7.400000000000000000e+01 -3.122400000000000091e+02
7.420000000000000284e+01 -3.129436000000000035e+02
7.440000000000000568e+01 -3.136463999999999714e+02
7.460000000000000853e+01 -3.143484000000000265e+02
7.479999999999999716e+01 -3.150495999999999981e+02
7.500000000000000000e+01 -3.157500000000000000e+02
7.520000000000000284e+01 -3.164495999999999754e+02
7.540000000000000568e+01 -3.171483999999999810e+02
7.560000000000000853e+01 -3.178464000000000169e+02
7.579999999999999716e+01 -3.185435999999999694e+02
7.600000000000000000e+01 -3.192400000000000091e+02
7.620000000000000284e+01 -3.199355999999999653e+02
7.640000000000000568e+01 -3.206304000000000087e+02
7.660000000000000853e+01 -3.213244000000000256e+02
7.680000000000001137e+01 -3.220176000000000158e+02
7.700000000000000000e+01 -3.227099999999999795e+02
7.720000000000000284e+01 -3.234015999999999735e+02
7.740000000000000568e+01 -3.240923999999999978e+02
7.760000000000000853e+01 -3.247824000000000524e+02
7.780000000000001137e+01 -3.254716000000000236e+02
7.800000000000000000e+01 -3.261599999999999682e+02
7.820000000000000284e+01 -3.268475999999999999e+02
7.840000000000000568e+01 -3.275344000000000051e+02
7.860000000000000853e+01 -3.282204000000000406e+02
7.880000000000001137e+01 -3.289056000000000495e+02
7.900000000000000000e+01 -3.295899999999999750e+02
7.920000000000000284e+01 -3.302735999999999876e+02
7.940000000000000568e+01 -3.309563999999999737e+02
7.960000000000000853e+01 -3.316384000000000469e+02
7.980000000000001137e+01 -3.323196000000000367e+02
8.000000000000000000e+01 -3.330000000000000000e+02
8.020000000000000284e+01 -3.336795999999999935e+02
8.040000000000000568e+01 -3.343583999999999605e+02
8.060000000000000853e+01 -3.350364000000000715e+02
8.080000000000001137e+01 -3.357136000000000422e+02
8.100000000000000000e+01 -3.363899999999999864e+02
8.120000000000000284e+01 -3.370656000000000176e+02
8.140000000000000568e+01 -3.377404000000000224e+02
8.160000000000000853e+01 -3.384144000000000005e+02
8.180000000000001137e+01 -3.390876000000000658e+02
8.200000000000000000e+01 -3.397599999999999909e+02
8.220000000000000284e+01 -3.404316000000000031e+02
8.240000000000000568e+01 -3.411023999999999887e+02
8.260000000000000853e+01 -3.417724000000000615e+02
8.280000000000001137e+01 -3.424416000000000508e+02
8.300000000000000000e+01 -3.431100000000000136e+02
8.320000000000000284e+01 -3.437776000000000067e+02
8.340000000000000568e+01 -3.444443999999999733e+02
8.360000000000000853e+01 -3.451104000000000269e+02
8.380000000000001137e+01 -3.457756000000000540e+02
8.400000000000000000e+01 -3.464399999999999977e+02
8.420000000000000284e+01 -3.471036000000000286e+02
8.440000000000000568e+01 -3.477663999999999760e+02
8.460000000000000853e+01 -3.484284000000000106e+02
8.480000000000001137e+01 -3.490896000000000186e+02
8.500000000000000000e+01 -3.497500000000000000e+02
8.520000000000000284e+01 -3.504095999999999549e+02
8.540000000000000568e+01 -3.510683999999999969e+02
8.560000000000000853e+01 -3.517264000000000692e+02
8.580000000000001137e+01 -3.523836000000000013e+02
8.600000000000000000e+01 -3.530400000000000205e+02
8.620000000000000284e+01 -3.536956000000000131e+02
8.640000000000000568e+01 -3.543503999999999792e+02
8.660000000000000853e+01 -3.550044000000000324e+02
8.680000000000001137e+01 -3.556576000000000022e+02
8.700000000000000000e+01 -3.563100000000000023e+02
8.720000000000000284e+01 -3.569615999999999758e+02
8.740000000000000568e+01 -3.576123999999999796e+02
8.760000000000000853e+01 -3.582624000000000137e+02
8.780000000000001137e+01 -3.589116000000000213e+02
8.800000000000000000e+01 -3.595600000000000023e+02
8.820000000000000284e+01 -3.602076000000000136e+02
8.840000000000000568e+01 -3.608543999999999414e+02
8.860000000000000853e+01 -3.615004000000000133e+02
8.880000000000001137e+01 -3.621456000000000586e+02
8.900000000000000000e+01 -3.627899999999999636e+02
8.920000000000000284e+01 -3.634336000000000126e+02
8.940000000000000568e+01 -3.640763999999999783e+02
8.960000000000000853e+01 -3.647184000000000310e+02
8.980000000000001137e+01 -3.653596000000000004e+02
9.000000000000000000e+01 -3.660000000000000000e+02
9.020000000000000284e+01 -3.666395999999999731e+02
9.040000000000000568e+01 -3.672783999999999764e+02
9.060000000000000853e+01 -3.679164000000000669e+02
9.080000000000001137e+01 -3.685536000000000172e+02
9.100000000000000000e+01 -3.691899999999999977e+02
9.120000000000000284e+01 -3.698256000000000085e+02
9.140000000000000568e+01 -3.704603999999999928e+02
9.160000000000000853e+01 -3.710944000000000074e+02
9.180000000000001137e+01 -3.717276000000000522e+02
9.200000000000000000e+01 -3.723600000000000136e+02
9.220000000000000284e+01 -3.729916000000000054e+02
9.240000000000000568e+01 -3.736223999999999705e+02
9.260000000000000853e+01 -3.742524000000000228e+02
9.280000000000001137e+01 -3.748816000000000486e+02
9.300000000000000000e+01 -3.755099999999999909e+02
9.320000000000000284e+01 -3.761376000000000204e+02
9.340000000000000568e+01 -3.767643999999999664e+02
9.360000000000000853e+01 -3.773903999999999996e+02
9.380000000000001137e+01 -3.780156000000000631e+02
9.400000000000000000e+01 -3.786399999999999864e+02
9.420000000000000284e+01 -3.792635999999999967e+02
9.440000000000000568e+01 -3.798863999999999805e+02
9.460000000000000853e+01 -3.805084000000000515e+02
9.480000000000001137e+01 -3.811295999999999822e+02
9.500000000000000000e+01 -3.817500000000000000e+02
9.520000000000000284e+01 -3.823695999999999913e+02
9.540000000000000568e+01 -3.829883999999999560e+02
9.560000000000000853e+01 -3.836064000000000647e+02
9.580000000000001137e+01 -3.842236000000000331e+02
9.600000000000000000e+01 -3.848399999999999750e+02
9.620000000000000284e+01 -3.854556000000000040e+02
9.640000000000000568e+01 -3.860704000000000065e+02
9.660000000000000853e+01 -3.866844000000000392e+02
9.680000000000001137e+01 -3.872976000000000454e+02
9.700000000000000000e+01 -3.879099999999999682e+02
9.720000000000000284e+01 -3.885215999999999781e+02
9.740000000000000568e+01 -3.891323999999999614e+02
9.760000000000000853e+01 -3.897424000000000319e+02
9.780000000000001137e+01 -3.903516000000000190e+02
9.800000000000000000e+01 -3.909599999999999795e+02
9.820000000000000284e+01 -3.915675999999999704e+02
9.840000000000000568e+01 -3.921743999999999915e+02
9.860000000000000853e+01 -3.927804000000000428e+02
9.880000000000001137e+01 -3.933856000000000108e+02
9.900000000000000000e+01 -3.939900000000000091e+02
9.920000000000000284e+01 -3.945935999999999808e+02
9.940000000000000568e+01 -3.951963999999999828e+02
9.960000000000000853e+01 -3.957984000000000151e+02
9.980000000000001137e+01 -3.963996000000000208e+02
1.000000000000000000e+02 -3.970000000000000000e+02
